treatdsvar2	q2dm1wgt	q2dm2wgt	q2dm3wgt	q2dm4wgt	q2dm5wgt	q2rightloc1p1	q2rightloc1p2	q2rightloc1p3	q2rightloc1p4	q2rightloc1p5
1	0.38	0.21	0.17	0.13	0.11	7.15	10.0	16	17.15	17.15
2	0.38	0.21	0.17	0.11	0.13	7.29	10.0	16	17.29	17.29
3	0.38	0.21	0.13	0.17	0.11	7.35	10.0	16	17.35	17.35
4	0.38	0.21	0.13	0.11	0.17	7.77	10.0	16	17.77	17.77
5	0.38	0.21	0.11	0.17	0.13	7.59	10.0	16	17.59	17.59
6	0.38	0.21	0.11	0.13	0.17	7.87	10.0	16	17.87	17.87
7	0.38	0.17	0.21	0.13	0.11	7.39	10.0	16	17.39	17.39
8	0.38	0.17	0.21	0.11	0.13	7.53	10.0	16	17.53	17.53
9	0.38	0.17	0.13	0.21	0.11	7.79	10.0	16	17.79	17.79
10	0.38	0.17	0.13	0.11	0.21	8.49	10.0	16	18.49	18.49
11	0.38	0.17	0.11	0.21	0.13	8.03	10.0	16	18.03	18.03
12	0.38	0.17	0.11	0.13	0.21	8.59	10.0	16	18.59	18.59
13	0.38	0.13	0.21	0.17	0.11	7.83	10.0	16	17.83	17.83
14	0.38	0.13	0.21	0.11	0.17	8.25	10.0	16	18.25	18.25
15	0.38	0.13	0.17	0.21	0.11	8.03	10.0	16	18.03	18.03
16	0.38	0.13	0.17	0.11	0.21	8.73	10.0	16	18.73	18.73
17	0.38	0.13	0.11	0.21	0.17	8.75	10.0	16	18.75	18.75
18	0.38	0.13	0.11	0.17	0.21	9.03	10.0	16	19.03	19.03
19	0.38	0.11	0.21	0.17	0.13	8.19	10.0	16	18.19	18.19
20	0.38	0.11	0.21	0.13	0.17	8.47	10.0	16	18.47	18.47
21	0.38	0.11	0.17	0.21	0.13	8.39	10.0	16	18.39	18.39
22	0.38	0.11	0.17	0.13	0.21	8.95	10.0	16	18.95	18.95
23	0.38	0.11	0.13	0.21	0.17	8.87	10.0	16	18.87	18.87
24	0.38	0.11	0.13	0.17	0.21	9.15	10.0	16	19.15	19.15
25	0.21	0.38	0.17	0.13	0.11	8.17	10.0	16	18.17	18.17
26	0.21	0.38	0.17	0.11	0.13	8.31	10.0	16	18.31	18.31
27	0.21	0.38	0.13	0.17	0.11	8.37	10.0	16	18.37	18.37
28	0.21	0.38	0.13	0.11	0.17	8.79	10.0	16	18.79	18.79
29	0.21	0.38	0.11	0.17	0.13	8.61	10.0	16	18.61	18.61
30	0.21	0.38	0.11	0.13	0.17	8.89	10.0	16	18.89	18.89
31	0.21	0.17	0.38	0.13	0.11	9.43	10.0	16	19.43	19.43
32	0.21	0.17	0.38	0.11	0.13	9.57	10.0	16	19.57	19.57
33	0.21	0.17	0.13	0.38	0.11	10.68	10.68	16	20.68	20.68
34	0.21	0.17	0.13	0.11	0.38	12.57	12.57	16	21.0	22.57
35	0.21	0.17	0.11	0.38	0.13	10.92	10.92	16	20.92	20.92
36	0.21	0.17	0.11	0.13	0.38	12.67	12.67	16	21.0	22.67
37	0.21	0.13	0.38	0.17	0.11	9.87	10.0	16	19.87	19.87
38	0.21	0.13	0.38	0.11	0.17	10.29	10.29	16	20.29	20.29
39	0.21	0.13	0.17	0.38	0.11	10.92	10.92	16	20.92	20.92
40	0.21	0.13	0.17	0.11	0.38	12.81	12.81	16	21.0	22.81
41	0.21	0.13	0.11	0.38	0.17	11.64	11.64	16	21.0	21.64
42	0.21	0.13	0.11	0.17	0.38	13.11	13.11	16	21.0	23.11
43	0.21	0.11	0.38	0.17	0.13	10.23	10.23	16	20.23	20.23
44	0.21	0.11	0.38	0.13	0.17	10.51	10.51	16	20.51	20.51
45	0.21	0.11	0.17	0.38	0.13	11.28	11.28	16	21.0	21.28
46	0.21	0.11	0.17	0.13	0.38	13.03	13.03	16	21.0	23.03
47	0.21	0.11	0.13	0.38	0.17	11.76	11.76	16	21.0	21.76
48	0.21	0.11	0.13	0.17	0.38	13.23	13.23	16	21.0	23.23
49	0.17	0.38	0.21	0.13	0.11	8.65	10.0	16	18.65	18.65
50	0.17	0.38	0.21	0.11	0.13	8.79	10.0	16	18.79	18.79
51	0.17	0.38	0.13	0.21	0.11	9.05	10.0	16	19.05	19.05
52	0.17	0.38	0.13	0.11	0.21	9.75	10.0	16	19.75	19.75
53	0.17	0.38	0.11	0.21	0.13	9.29	10.0	16	19.29	19.29
54	0.17	0.38	0.11	0.13	0.21	9.85	10.0	16	19.85	19.85
55	0.17	0.21	0.38	0.13	0.11	9.67	10.0	16	19.67	19.67
56	0.17	0.21	0.38	0.11	0.13	9.81	10.0	16	19.81	19.81
57	0.17	0.21	0.13	0.38	0.11	10.92	10.92	16	20.92	20.92
58	0.17	0.21	0.13	0.11	0.38	12.81	12.81	16	21.0	22.81
59	0.17	0.21	0.11	0.38	0.13	11.16	11.16	16	21.0	21.16
60	0.17	0.21	0.11	0.13	0.38	12.91	12.91	16	21.0	22.91
61	0.17	0.13	0.38	0.21	0.11	10.55	10.55	16	20.55	20.55
62	0.17	0.13	0.38	0.11	0.21	11.25	11.25	16	21.0	21.25
63	0.17	0.13	0.21	0.38	0.11	11.4	11.4	16	21.0	21.4
64	0.17	0.13	0.21	0.11	0.38	13.29	13.29	16	21.0	23.29
65	0.17	0.13	0.11	0.38	0.21	12.6	12.6	16	21.0	22.6
66	0.17	0.13	0.11	0.21	0.38	13.79	13.79	16	21.0	23.79
67	0.17	0.11	0.38	0.21	0.13	10.91	10.91	16	20.91	20.91
68	0.17	0.11	0.38	0.13	0.21	11.47	11.47	16	21.0	21.47
69	0.17	0.11	0.21	0.38	0.13	11.76	11.76	16	21.0	21.76
70	0.17	0.11	0.21	0.13	0.38	13.51	13.51	16	21.0	23.51
71	0.17	0.11	0.13	0.38	0.21	12.72	12.72	16	21.0	22.72
72	0.17	0.11	0.13	0.21	0.38	13.91	13.91	16	21.0	23.91
73	0.13	0.38	0.21	0.17	0.11	9.33	10.0	16	19.33	19.33
74	0.13	0.38	0.21	0.11	0.17	9.75	10.0	16	19.75	19.75
75	0.13	0.38	0.17	0.21	0.11	9.53	10.0	16	19.53	19.53
76	0.13	0.38	0.17	0.11	0.21	10.23	10.23	16	20.23	20.23
77	0.13	0.38	0.11	0.21	0.17	10.25	10.25	16	20.25	20.25
78	0.13	0.38	0.11	0.17	0.21	10.53	10.53	16	20.53	20.53
79	0.13	0.21	0.38	0.17	0.11	10.35	10.35	16	20.35	20.35
80	0.13	0.21	0.38	0.11	0.17	10.77	10.77	16	20.77	20.77
81	0.13	0.21	0.17	0.38	0.11	11.4	11.4	16	21.0	21.4
82	0.13	0.21	0.17	0.11	0.38	13.29	13.29	16	21.0	23.29
83	0.13	0.21	0.11	0.38	0.17	12.12	12.12	16	21.0	22.12
84	0.13	0.21	0.11	0.17	0.38	13.59	13.59	16	21.0	23.59
85	0.13	0.17	0.38	0.21	0.11	10.79	10.79	16	20.79	20.79
86	0.13	0.17	0.38	0.11	0.21	11.49	11.49	16	21.0	21.49
87	0.13	0.17	0.21	0.38	0.11	11.64	11.64	16	21.0	21.64
88	0.13	0.17	0.21	0.11	0.38	13.53	13.53	16	21.0	23.53
89	0.13	0.17	0.11	0.38	0.21	12.84	12.84	16	21.0	22.84
90	0.13	0.17	0.11	0.21	0.38	14.03	14.03	16	21.0	24.03
91	0.13	0.11	0.38	0.21	0.17	11.87	11.87	16	21.0	21.87
92	0.13	0.11	0.38	0.17	0.21	12.15	12.15	16	21.0	22.15
93	0.13	0.11	0.21	0.38	0.17	12.72	12.72	16	21.0	22.72
94	0.13	0.11	0.21	0.17	0.38	14.19	14.19	16	21.0	24.19
95	0.13	0.11	0.17	0.38	0.21	13.2	13.2	16	21.0	23.2
96	0.13	0.11	0.17	0.21	0.38	14.39	14.39	16	21.0	24.39
97	0.11	0.38	0.21	0.17	0.13	9.81	10.0	16	19.81	19.81
98	0.11	0.38	0.21	0.13	0.17	10.09	10.09	16	20.09	20.09
99	0.11	0.38	0.17	0.21	0.13	10.01	10.01	16	20.01	20.01
100	0.11	0.38	0.17	0.13	0.21	10.57	10.57	16	20.57	20.57
101	0.11	0.38	0.13	0.21	0.17	10.49	10.49	16	20.49	20.49
102	0.11	0.38	0.13	0.17	0.21	10.77	10.77	16	20.77	20.77
103	0.11	0.21	0.38	0.17	0.13	10.83	10.83	16	20.83	20.83
104	0.11	0.21	0.38	0.13	0.17	11.11	11.11	16	21.0	21.11
105	0.11	0.21	0.17	0.38	0.13	11.88	11.88	16	21.0	21.88
106	0.11	0.21	0.17	0.13	0.38	13.63	13.63	16	21.0	23.63
107	0.11	0.21	0.13	0.38	0.17	12.36	12.36	16	21.0	22.36
108	0.11	0.21	0.13	0.17	0.38	13.83	13.83	16	21.0	23.83
109	0.11	0.17	0.38	0.21	0.13	11.27	11.27	16	21.0	21.27
110	0.11	0.17	0.38	0.13	0.21	11.83	11.83	16	21.0	21.83
111	0.11	0.17	0.21	0.38	0.13	12.12	12.12	16	21.0	22.12
112	0.11	0.17	0.21	0.13	0.38	13.87	13.87	16	21.0	23.87
113	0.11	0.17	0.13	0.38	0.21	13.08	13.08	16	21.0	23.08
114	0.11	0.17	0.13	0.21	0.38	14.27	14.27	16	21.0	24.27
115	0.11	0.13	0.38	0.21	0.17	11.99	11.99	16	21.0	21.99
116	0.11	0.13	0.38	0.17	0.21	12.27	12.27	16	21.0	22.27
117	0.11	0.13	0.21	0.38	0.17	12.84	12.84	16	21.0	22.84
118	0.11	0.13	0.21	0.17	0.38	14.31	14.31	16	21.0	24.31
119	0.11	0.13	0.17	0.38	0.21	13.32	13.32	16	21.0	23.32
120	0.11	0.13	0.17	0.21	0.38	14.51	14.51	16	21.0	24.51
